贝叶斯网络分类报告
==================================================

总体准确率: 0.9999

分类报告:
              precision    recall  f1-score   support

      传动系统异常       1.00      1.00      1.00      1319
      散热系统故障       1.00      1.00      1.00      1192
        正常运行       1.00      1.00      1.00     95000
      润滑系统异常       1.00      0.99      1.00      1321
      电力供应故障       1.00      1.00      1.00      1168

    accuracy                           1.00    100000
   macro avg       1.00      1.00      1.00    100000
weighted avg       1.00      1.00      1.00    100000

混淆矩阵:
[[ 1319     0     0     0     0]
 [    0  1192     0     0     0]
 [    0     0 94998     0     2]
 [    0     0     7  1314     0]
 [    0     0     2     0  1166]]